0.0 1.0
0.01 1.0157696538461538
0.02 1.0315418461538461
0.03 1.0473191153846153
0.04 1.063104
0.05 1.0788990384615385
0.060000000000000005 1.0947067692307693
0.07 1.1105297307692308
0.08 1.1263704615384615
0.09 1.1422315
0.09999999999999999 1.1581153846153847
0.10999999999999999 1.1740246538461538
0.11999999999999998 1.1899618461538461
0.12999999999999998 1.2059294999999999
0.13999999999999999 1.2219301538461538
0.15 1.2379663461538462
0.16 1.2540406153846153
0.17 1.2701555
0.18000000000000002 1.2863135384615385
0.19000000000000003 1.3025172692307692
0.20000000000000004 1.318769230769231
0.21000000000000005 1.3350719615384616
0.22000000000000006 1.351428
0.23000000000000007 1.3678398846153847
0.24000000000000007 1.384310153846154
0.25000000000000006 1.4008413461538463
0.26000000000000006 1.4174360000000001
0.2700000000000001 1.434096653846154
0.2800000000000001 1.4508258461538464
0.2900000000000001 1.4676261153846155
0.3000000000000001 1.4845000000000002
0.3100000000000001 1.5014500384615386
0.3200000000000001 1.5184787692307693
0.3300000000000001 1.535588730769231
0.34000000000000014 1.5527824615384618
0.35000000000000014 1.5700625000000001
0.36000000000000015 1.587431384615385
0.37000000000000016 1.604891653846154
0.38000000000000017 1.6224458461538465
0.3900000000000002 1.6400965000000003
0.4000000000000002 1.6578461538461542
0.4100000000000002 1.6756973461538465
0.4200000000000002 1.6936526153846159
0.4300000000000002 1.7117145000000002
0.4400000000000002 1.7298855384615388
0.45000000000000023 1.7481682692307696
0.46000000000000024 1.7665652307692312
0.47000000000000025 1.785078961538462
0.48000000000000026 1.8037120000000004
0.49000000000000027 1.822466884615385
0.5000000000000002 1.8413461538461542
0.5100000000000002 1.8603523461538465
0.5200000000000002 1.8794880000000005
0.5300000000000002 1.8987556538461543
0.5400000000000003 1.9181578461538467
0.5500000000000003 1.9376971153846159
0.5600000000000003 1.9573760000000004
0.5700000000000003 1.9771970384615392
0.5800000000000003 1.9971627692307696
0.5900000000000003 2.0172757307692315
0.6000000000000003 2.037538461538462
0.6100000000000003 2.057953500000001
0.6200000000000003 2.0785233846153854
0.6300000000000003 2.0992506538461546
0.6400000000000003 2.120137846153847
0.6500000000000004 2.141187500000001
0.6600000000000004 2.1624021538461546
0.6700000000000004 2.183784346153847
0.6800000000000004 2.205336615384616
0.6900000000000004 2.2270615000000005
0.7000000000000004 2.2489615384615393
0.7100000000000004 2.27103926923077
0.7200000000000004 2.2932972307692316
0.7300000000000004 2.3157379615384626
0.7400000000000004 2.338364000000001
0.7500000000000004 2.361177884615386
0.7600000000000005 2.384182153846155
0.7700000000000005 2.407379346153847
0.7800000000000005 2.430772000000001
0.7900000000000005 2.4543626538461547
0.8000000000000005 2.4781538461538473
0.8100000000000005 2.5021481153846166
0.8200000000000005 2.5263480000000014
0.8300000000000005 2.5507560384615395
0.8400000000000005 2.5753747692307707
0.8500000000000005 2.600206730769232
0.8600000000000005 2.6252544615384625
0.8700000000000006 2.650520500000001
0.8800000000000006 2.676007384615386
0.8900000000000006 2.7017176538461554
0.9000000000000006 2.7276538461538475
0.9100000000000006 2.7538185000000013
0.9200000000000006 2.7802141538461553
0.9300000000000006 2.8068433461538476
0.9400000000000006 2.8337086153846167
0.9500000000000006 2.8608125000000015
0.9600000000000006 2.88815753846154
0.9700000000000006 2.915746269230771
0.9800000000000006 2.9435812307692326
0.9900000000000007 2.9716649615384636
1.0000000000000007 3.0000000000000018
1.0100000000000007 3.028586346153848
1.0200000000000007 3.0574138461538483
1.0300000000000007 3.0864698076923096
1.0400000000000007 3.1157415384615406
1.0500000000000007 3.1452163461538483
1.0600000000000007 3.1748815384615408
1.0700000000000007 3.204724423076925
1.0800000000000007 3.23473230769231
1.0900000000000007 3.2648925000000024
1.1000000000000008 3.29519230769231
1.1100000000000008 3.3256190384615407
1.1200000000000008 3.3561600000000023
1.1300000000000008 3.3868025000000026
1.1400000000000008 3.4175338461538485
1.1500000000000008 3.448341346153849
1.1600000000000008 3.4792123076923103
1.1700000000000008 3.510134038461541
1.1800000000000008 3.541093846153849
1.1900000000000008 3.572079038461541
1.2000000000000008 3.6030769230769257
1.2100000000000009 3.6340748076923104
1.2200000000000009 3.6650600000000026
1.2300000000000009 3.6960198076923105
1.2400000000000009 3.726941538461541
1.2500000000000009 3.7578125000000027
1.260000000000001 3.7886200000000025
1.270000000000001 3.819351346153849
1.280000000000001 3.8499938461538488
1.290000000000001 3.8805348076923103
1.300000000000001 3.9109615384615415
1.310000000000001 3.941261346153849
1.320000000000001 3.9714215384615414
1.330000000000001 4.001429423076926
1.340000000000001 4.03127230769231
1.350000000000001 4.060937500000003
1.360000000000001 4.0904123076923105
1.370000000000001 4.119684038461541
1.380000000000001 4.148740000000003
1.390000000000001 4.177567500000003
1.400000000000001 4.206153846153849
1.410000000000001 4.234486346153849
1.420000000000001 4.26255230769231
1.430000000000001 4.290339038461541
1.440000000000001 4.3178338461538495
1.450000000000001 4.345024038461541
1.460000000000001 4.3718969230769265
1.470000000000001 4.398439807692311
1.480000000000001 4.424640000000003
1.490000000000001 4.450484807692311
1.500000000000001 4.475961538461541
1.5100000000000011 4.501057500000003
1.5200000000000011 4.525760000000003
1.5300000000000011 4.550056346153849
1.5400000000000011 4.573933846153849
1.5500000000000012 4.5973798076923105
1.5600000000000012 4.620381538461541
1.5700000000000012 4.642926346153849
1.5800000000000012 4.66500153846154
1.5900000000000012 4.686594423076926
1.6000000000000012 4.7076923076923105
1.6100000000000012 4.728282500000002
1.6200000000000012 4.74835230769231
1.6300000000000012 4.767889038461541
1.6400000000000012 4.786880000000002
1.6500000000000012 4.805312500000002
1.6600000000000013 4.823173846153848
1.6700000000000013 4.8404513461538485
1.6800000000000013 4.85713230769231
1.6900000000000013 4.873204038461541
1.7000000000000013 4.888653846153848
1.7100000000000013 4.90346903846154
1.7200000000000013 4.917636923076925
1.7300000000000013 4.931144807692309
1.7400000000000013 4.943980000000002
1.7500000000000013 4.956129807692309
1.7600000000000013 4.96758153846154
1.7700000000000014 4.978322500000002
1.7800000000000014 4.988340000000001
1.7900000000000014 4.9976213461538475
1.8000000000000014 5.006153846153847
1.8100000000000014 5.013924807692309
1.8200000000000014 5.02092153846154
1.8300000000000014 5.027131346153847
1.8400000000000014 5.032541538461539
1.8500000000000014 5.037139423076924
1.8600000000000014 5.040912307692309
1.8700000000000014 5.0438475
1.8800000000000014 5.045932307692308
1.8900000000000015 5.047154038461539
1.9000000000000015 5.0475
1.9100000000000015 5.0469574999999995
1.9200000000000015 5.045513846153845
1.9300000000000015 5.043156346153846
1.9400000000000015 5.039872307692307
1.9500000000000015 5.035649038461537
1.9600000000000015 5.0304738461538445
1.9700000000000015 5.024334038461538
1.9800000000000015 5.017216923076922
1.9900000000000015 5.009109807692306
2.0000000000000013 4.999999999999999
2.010000000000001 4.989880961538461
2.020000000000001 4.978770769230768
2.0300000000000007 4.966693653846153
2.0400000000000005 4.953673846153846
2.0500000000000003 4.939735576923076
2.06 4.924903076923076
2.07 4.9092005769230775
2.0799999999999996 4.892652307692308
2.0899999999999994 4.875282500000001
2.099999999999999 4.857115384615386
2.109999999999999 4.838175192307694
2.1199999999999988 4.818486153846156
2.1299999999999986 4.798072500000003
2.1399999999999983 4.776958461538465
2.149999999999998 4.755168269230773
2.159999999999998 4.7327261538461585
2.1699999999999977 4.709656346153851
2.1799999999999975 4.685983076923083
2.1899999999999973 4.661730576923084
2.199999999999997 4.636923076923084
2.209999999999997 4.611584807692315
2.2199999999999966 4.585740000000008
2.2299999999999964 4.559412884615394
2.239999999999996 4.5326276923077025
2.249999999999996 4.505408653846165
2.259999999999996 4.477780000000012
2.2699999999999956 4.449765961538474
2.2799999999999954 4.421390769230783
2.289999999999995 4.3926786538461675
2.299999999999995 4.363653846153861
2.3099999999999947 4.3343405769230925
2.3199999999999945 4.304763076923093
2.3299999999999943 4.274945576923094
2.339999999999994 4.244912307692325
2.349999999999994 4.214687500000019
2.3599999999999937 4.184295384615404
2.3699999999999934 4.153760192307712
2.3799999999999932 4.123106153846175
2.389999999999993 4.092357500000022
2.399999999999993 4.0615384615384835
2.4099999999999926 4.0306732692307925
2.4199999999999924 3.9997861538461774
2.429999999999992 3.9689013461538702
2.439999999999992 3.938043076923102
2.4499999999999917 3.907235576923102
2.4599999999999915 3.876503076923103
2.4699999999999913 3.8458698076923343
2.479999999999991 3.815360000000027
2.489999999999991 3.784997884615412
2.4999999999999907 3.7548076923077205
2.5099999999999905 3.7248136538461822
2.5199999999999902 3.695040000000029
2.52999999999999 3.665510961538491
2.53999999999999 3.6362507692307986
2.5499999999999896 3.6072836538461837
2.5599999999999894 3.5786338461538763
2.569999999999989 3.5503255769231075
2.579999999999989 3.5223830769231075
2.5899999999999888 3.494830576923108
2.5999999999999885 3.4676923076923383
2.6099999999999883 3.440992500000031
2.619999999999988 3.4147553846154155
2.629999999999988 3.389005192307723
2.6399999999999877 3.3637661538461847
2.6499999999999875 3.3390625000000305
2.6599999999999873 3.314918461538492
2.669999999999987 3.291358269230799
2.679999999999987 3.2684061538461835
2.6899999999999866 3.2460863461538754
2.6999999999999864 3.224423076923106
2.709999999999986 3.2034405769231054
2.719999999999986 3.1831630769231047
2.7299999999999858 3.1636148076923347
2.7399999999999856 3.1448200000000264
2.7499999999999853 3.126802884615411
2.759999999999985 3.1095876923077173
2.769999999999985 3.0931986538461773
2.7799999999999847 3.077660000000023
2.7899999999999845 3.062995961538484
2.7999999999999843 3.0492307692307903
2.809999999999984 3.0363886538461737
2.819999999999984 3.024493846153865
2.8299999999999836 3.013570576923094
2.8399999999999834 3.0036430769230926
2.849999999999983 2.994735576923091
2.859999999999983 2.9868723076923205
2.869999999999983 2.9800775000000104
2.8799999999999826 2.9743753846153935
2.8899999999999824 2.9697901923076997
2.899999999999982 2.9663461538461586
2.909999999999982 2.9640675000000036
2.9199999999999817 2.9629784615384627
2.9299999999999815 2.9631032692307677
2.9399999999999813 2.9644661538461503
2.949999999999981 2.9670913461538397
2.959999999999981 2.9710030769230684
2.9699999999999807 2.976225576923066
2.9799999999999804 2.982783076923063
2.9899999999999802 2.99069980769229
2.99999999999998 2.999999999999979
3.00999999999998 3.0106988076922847
3.0199999999999796 3.022775076923051
3.0299999999999794 3.0361985769230477
3.039999999999979 3.050939076923045
3.049999999999979 3.0669663461538113
3.0599999999999787 3.084250153846116
3.0699999999999785 3.1027602692307283
3.0799999999999783 3.1224664615384174
3.089999999999978 3.143338499999953
3.099999999999978 3.165346153846104
3.1099999999999777 3.1884591923076395
3.1199999999999775 3.212647384615329
3.1299999999999772 3.2378804999999415
3.139999999999977 3.2641283076922463
3.149999999999977 3.2913605769230125
3.1599999999999766 3.3195470769230098
3.1699999999999764 3.3486575769230074
3.179999999999976 3.378661846153774
3.189999999999976 3.4095296538460786
3.1999999999999758 3.441230769230691
3.2099999999999755 3.473734961538381
3.2199999999999753 3.507011999999917
3.229999999999975 3.541031653846068
3.239999999999975 3.5757636923076044
3.2499999999999747 3.611177884615294
3.2599999999999745 3.6472439999999073
3.2699999999999743 3.6839318076922125
3.279999999999974 3.7212110769229794
3.289999999999974 3.7590515769229773
3.2999999999999736 3.797423076922975
3.3099999999999734 3.836295346153742
3.319999999999973 3.875638153846048
3.329999999999973 3.915421269230661
3.3399999999999728 3.9556144615383513
3.3499999999999726 3.996187499999888
3.3599999999999723 4.03711015384604
3.369999999999972 4.078352192307577
3.379999999999972 4.119883384615267
3.3899999999999717 4.161673499999881
3.3999999999999715 4.2036923076921875
3.4099999999999713 4.245909576922955
3.419999999999971 4.288295076922954
3.429999999999971 4.330818576922953
3.4399999999999706 4.37344984615372
3.4499999999999704 4.416158653846027
3.45999999999997 4.458914769230642
3.46999999999997 4.501687961538333
3.47999999999997 4.544447999999871
3.4899999999999696 4.587164653846024
3.4999999999999694 4.629807692307562
3.509999999999969 4.672346884615253
3.519999999999969 4.714751999999868
3.5299999999999687 4.756992807692176
3.5399999999999685 4.799039076922945
3.5499999999999683 4.840860576922944
3.559999999999968 4.882427076922944
3.569999999999968 4.923708346153714
3.5799999999999677 4.964674153846022
3.5899999999999674 5.005294269230637
3.5999999999999672 5.04553846153833
3.609999999999967 5.085376499999869
3.619999999999967 5.124778153846024
3.6299999999999666 5.163713192307563
3.6399999999999664 5.202151384615256
3.649999999999966 5.240062499999873
3.659999999999966 5.277416307692182
3.6699999999999657 5.314182576922952
3.6799999999999655 5.350331076922953
3.6899999999999653 5.385831576922955
3.699999999999965 5.420653846153726
3.709999999999965 5.4547676538460355
3.7199999999999647 5.488142769230652
3.7299999999999645 5.520748961538347
3.7399999999999642 5.552555999999888
3.749999999999964 5.583533653846044
3.759999999999964 5.6136516923075845
3.7699999999999636 5.6428798846152795
3.7799999999999634 5.671187999999898
3.789999999999963 5.698545807692208
3.799999999999963 5.724923076922982
3.8099999999999627 5.7502895769229845
3.8199999999999625 5.774615076922988
3.8299999999999623 5.79786934615376
3.839999999999962 5.820022153846072
3.849999999999962 5.841043269230691
3.8599999999999617 5.860902461538387
3.8699999999999615 5.879569499999931
3.8799999999999613 5.897014153846088
3.889999999999961 5.913206192307632
3.899999999999961 5.928115384615328
3.9099999999999606 5.941711499999949
3.9199999999999604 5.953964307692261
3.92999999999996 5.964843576923036
3.93999999999996 5.974319076923042
3.9499999999999598 5.982360576923048
3.9599999999999596 5.9889378461538225
3.9699999999999593 5.994020653846135
3.979999999999959 5.997578769230758
3.989999999999959 5.999581961538457
3.9999999999999587 6.000000000000002
4.009999999999959 5.998811807692316
4.019999999999959 5.996032923076938
4.0299999999999585 5.99168803846156
4.039999999999958 5.985801846153874
4.049999999999958 5.978399038461573
4.059999999999958 5.969504307692349
4.069999999999958 5.959142346153893
4.079999999999957 5.947337846153899
4.089999999999957 5.934115500000059
4.099999999999957 5.919500000000066
4.109999999999957 5.9035160384616105
4.119999999999957 5.886188307692386
4.129999999999956 5.867541500000084
4.139999999999956 5.847600307692398
4.149999999999956 5.8263894230770195
4.159999999999956 5.80393353846164
4.1699999999999555 5.780257346153954
4.179999999999955 5.755385538461653
4.189999999999955 5.7293428076924275
4.199999999999955 5.702153846153971
4.209999999999955 5.673843346153977
4.2199999999999545 5.644436000000137
4.229999999999954 5.613956500000142
4.239999999999954 5.582429538461685
4.249999999999954 5.54987980769246
4.259999999999954 5.516332000000158
4.269999999999953 5.4818108076924705
4.279999999999953 5.446340923077091
4.289999999999953 5.409947038461712
4.299999999999953 5.372653846154025
4.3099999999999525 5.334486038461722
4.319999999999952 5.295468307692496
4.329999999999952 5.255625346154039
4.339999999999952 5.214981846154044
4.349999999999952 5.173562500000202
4.3599999999999515 5.131392000000206
4.369999999999951 5.088495038461749
4.379999999999951 5.044896307692523
4.389999999999951 5.0006205000002195
4.399999999999951 4.955692307692531
4.40999999999995 4.910136423077151
4.41999999999995 4.86397753846177
4.42999999999995 4.817240346154081
4.43999999999995 4.769949538461778
4.4499999999999496 4.72212980769255
4.459999999999949 4.673805846154092
4.469999999999949 4.625002346154096
4.479999999999949 4.5757440000002525
4.489999999999949 4.526055500000256
4.4999999999999485 4.475961538461798
4.509999999999948 4.42548680769257
4.519999999999948 4.3746560000002646
4.529999999999948 4.323493807692575
4.539999999999948 4.272024923077193
4.549999999999947 4.220274038461811
4.559999999999947 4.168265846154122
4.569999999999947 4.1160250384618156
4.579999999999947 4.063576307692587
4.589999999999947 4.010944346154128
4.599999999999946 3.9581538461541292
4.609999999999946 3.905229500000285
4.619999999999946 3.8521960000002866
4.629999999999946 3.7990780384618272
4.6399999999999455 3.7459003076925974
4.649999999999945 3.6926875000002912
4.659999999999945 3.6394643076926005
4.669999999999945 3.5862554230772163
4.679999999999945 3.5330855384618327
4.689999999999944 3.479979346154141
4.699999999999944 3.4269615384618337
4.709999999999944 3.374056807692604
4.719999999999944 3.3212898461541425
4.729999999999944 3.2686853461541423
4.739999999999943 3.2162680000002966
4.749999999999943 3.164062500000296
4.759999999999943 3.112093538461834
4.769999999999943 3.0603858076926027
4.7799999999999425 3.008964000000294
4.789999999999942 2.957852807692602
4.799999999999942 2.907076923077216
4.809999999999942 2.856661038461831
4.819999999999942 2.8066298461541366
4.8299999999999415 2.7570080384618283
4.839999999999941 2.7078203076925957
4.849999999999941 2.659091346154132
4.859999999999941 2.6108458461541306
4.869999999999941 2.5631085000002822
4.87999999999994 2.5159040000002806
4.88999999999994 2.4692570384618158
4.89999999999994 2.4231923076925828
4.90999999999994 2.3777345000002725
4.9199999999999395 2.332908307692578
4.929999999999939 2.2887384230771897
4.939999999999939 2.2452495384618016
4.949999999999939 2.2024663461541056
4.959999999999939 2.1604135384617944
4.9699999999999385 2.1191158076925602
4.979999999999938 2.0785978461540933
4.989999999999938 2.03888434615409
4.999999999999938 2.000000000000239
5.009999999999938 1.9619639615386961
5.019999999999937 1.924773230769461
5.029999999999937 1.888419269230995
5.039999999999937 1.8528935384617597
5.049999999999937 1.8181875000002168
5.0599999999999365 1.784292615384828
5.069999999999936 1.7512003461540544
5.079999999999936 1.7189021538463576
5.089999999999936 1.6873895000001995
5.099999999999936 1.6566538461540414
5.1099999999999355 1.6266866538463447
5.119999999999935 1.5974793846155713
5.129999999999935 1.5690235000001822
5.139999999999935 1.5413104615386397
5.149999999999935 1.5143317307694049
5.159999999999934 1.488078769230939
5.169999999999934 1.4625430384617042
5.179999999999934 1.4377160000001616
5.189999999999934 1.4135891153847728
5.199999999999934 1.3901538461539995
5.209999999999933 1.3674016538463032
5.219999999999933 1.3453240000001454
5.229999999999933 1.3239123461539877
5.239999999999933 1.3031581538462913
5.2499999999999325 1.283052884615518
5.259999999999932 1.2635880000001296
5.269999999999932 1.2447549615385873
5.279999999999932 1.2265452307693527
5.289999999999932 1.2089502692308873
5.299999999999931 1.1919615384616529
5.309999999999931 1.1755705000001107
5.319999999999931 1.1597686153847224
5.329999999999931 1.1445473461539493
5.339999999999931 1.1298981538462534
5.34999999999993 1.115812500000096
5.35999999999993 1.1022818461539388
5.36999999999993 1.0892976538462429
5.37999999999993 1.0768513846154701
5.3899999999999295 1.0649345000000823
5.399999999999929 1.0535384615385404
5.409999999999929 1.0426547307693061
5.419999999999929 1.0322747692308412
5.429999999999929 1.0223900384616071
5.4399999999999284 1.0129920000000654
5.449999999999928 1.0040721153846777
5.459999999999928 0.995621846153905
5.469999999999928 0.9876326538462097
5.479999999999928 0.9800960000000527
5.489999999999927 0.973003346153896
5.499999999999927 0.9663461538462008
5.509999999999927 0.9601158846154287
5.519999999999927 0.9543040000000411
5.5299999999999265 0.9489019615384995
5.539999999999926 0.9439012307692658
5.549999999999926 0.9392932692308018
5.559999999999926 0.9350695384615682
5.569999999999926 0.931221500000027
5.5799999999999255 0.9277406153846401
5.589999999999925 0.924618346153868
5.599999999999925 0.9218461538461735
5.609999999999925 0.9194155000000168
5.619999999999925 0.9173178461538609
5.629999999999924 0.9155446538461658
5.639999999999924 0.9140873846153945
5.649999999999924 0.9129375000000075
5.659999999999924 0.9120864615384667
5.6699999999999235 0.9115257307692337
5.679999999999923 0.9112467692307702
5.689999999999923 0.911241038461537
5.699999999999923 0.9114999999999971
5.709999999999923 0.9120151153846101
5.7199999999999225 0.9127778461538392
5.729999999999922 0.9137796538461451
5.739999999999922 0.9150119999999893
5.749999999999922 0.9164663461538338
5.759999999999922 0.9181341538461396
5.769999999999921 0.9200068846153688
5.779999999999921 0.9220759999999824
5.789999999999921 0.924332961538443
5.799999999999921 0.9267692307692106
5.809999999999921 0.9293762692307479
5.81999999999992 0.9321455384615152
5.82999999999992 0.9350684999999759
5.83999999999992 0.93813661538459
5.84999999999992 0.9413413461538198
5.8599999999999195 0.9446741538461265
5.869999999999919 0.9481264999999715
5.879999999999919 0.9516898461538164
5.889999999999919 0.9553556538461234
5.899999999999919 0.959115384615354
5.909999999999918 0.9629604999999679
5.919999999999918 0.9668824615384293
5.929999999999918 0.9708727307691976
5.939999999999918 0.974922769230735
5.949999999999918 0.9790240384615041
5.959999999999917 0.9831679999999654
5.969999999999917 0.9873461153845802
5.979999999999917 0.9915498461538106
5.989999999999917 0.9957706538461184
5.9999999999999165 0.999999999999964
