0.0 1.0
0.1 1.5003374107142857
0.2 1.960048571428571
0.30000000000000004 2.3807356250000007
0.4 2.7639771428571427
0.5 3.111328125
0.6 3.4243200000000007
0.7 3.7044606249999994
0.7999999999999999 3.953234285714286
0.8999999999999999 4.172101696428571
0.9999999999999999 4.362499999999999
1.0999999999999999 4.525842767857142
1.2 4.663519999999998
1.3 4.776898125000001
1.4000000000000001 4.867319999999998
1.5000000000000002 4.9361049107142865
1.6000000000000003 4.98454857142857
1.7000000000000004 5.013923125000002
1.8000000000000005 5.02547714285714
1.9000000000000006 5.020435625000001
2.0000000000000004 5.000000000000001
2.1000000000000005 4.965348125000001
2.2000000000000006 4.917634285714286
2.3000000000000007 4.85798919642857
2.400000000000001 4.787520000000001
2.500000000000001 4.707310267857142
2.600000000000001 4.618419999999998
2.700000000000001 4.521885624999999
2.800000000000001 4.41872
2.9000000000000012 4.309912410714284
3.0000000000000013 4.196428571428569
3.1000000000000014 4.079210624999998
3.2000000000000015 3.9591771428571416
3.3000000000000016 3.8372231249999977
3.4000000000000017 3.7142199999999974
3.5000000000000018 3.5910156249999976
3.600000000000002 3.4684342857142836
3.700000000000002 3.347276696428569
3.800000000000002 3.2283199999999974
3.900000000000002 3.1123177678571405
