0.0 0.0
0.1 0.8200674285714286
0.2 1.4543359999999999
0.30000000000000004 1.9221760000000006
0.4 2.2421759999999997
0.5 2.4321428571428574
0.6 2.5091017142857144
0.7 2.489296
0.7999999999999999 2.388187428571429
0.8999999999999999 2.2204560000000004
0.9999999999999999 2.0
1.0999999999999999 1.7399360000000006
1.2 1.4525988571428572
1.3 1.1495417142857143
1.4000000000000001 0.8415359999999993
1.5000000000000002 0.5385714285714276
1.6000000000000003 0.24985599999999922
1.7000000000000004 -0.01618400000000075
1.8000000000000005 -0.2519040000000009
1.9000000000000006 -0.45044114285714454
2.0000000000000004 -0.6057142857142855
2.1000000000000005 -0.7124240000000005
2.2000000000000006 -0.7660525714285716
2.3000000000000007 -0.7628639999999991
2.400000000000001 -0.6999039999999994
2.500000000000001 -0.5749999999999988
2.600000000000001 -0.3867611428571407
2.700000000000001 -0.13457828571428238
2.800000000000001 0.18137600000000387
2.9000000000000012 0.5601474285714338
3.0000000000000013 1.0000000000000062
3.1000000000000014 1.4984160000000075
3.2000000000000015 2.052096000000009
3.3000000000000016 2.656958857142867
3.4000000000000017 3.3081417142857252
3.5000000000000018 4.000000000000012
3.600000000000002 4.726107428571443
3.700000000000002 5.479256000000015
3.800000000000002 6.251456000000016
3.900000000000002 7.0339360000000175
4.000000000000002 7.81714285714287
4.100000000000001 8.590741714285727
4.200000000000001 9.34361600000001
4.300000000000001 10.063867428571436
4.4 10.738816000000003
4.5 11.355
4.6 11.898176000000001
4.699999999999999 12.353318857142852
4.799999999999999 12.704621714285713
4.899999999999999 12.935496
4.999999999999998 13.028571428571427
5.099999999999998 12.965696000000007
5.1999999999999975 12.72793600000001
5.299999999999997 12.295576000000015
5.399999999999997 11.64811885714288
5.4999999999999964 10.76428571428575
5.599999999999996 9.62201600000005
5.699999999999996 8.198467428571497
5.799999999999995 6.470016000000086
5.899999999999995 4.412256000000111
5.999999999999995 2.0000000000001386
